 617    0
 188    0
  52    0
  52    0
  21    0
  21    0
  21    0
  21    0
 505    0
  41    0
  41    0
 495    0
 618    0
 619    0
 619    0
 619    0
 619    0
 619    0
  55    0
  55    0
  55    0
  55    0
  55    0
  55    0
  55    0
  55    0
  55    0
  55    0
  55    0
  55    0
  55    0
  55    0
  55    0
  55    0
  55    0
  55    0
  55    0
  55    0
  55    0
  55    0
  55    0
  55    0
  55    0
  55    0
  55    0
  55    0
 620    0
   6    0
   9    0
   9    0
   9    0
 102    0
  22    0
  31    0
  31    0
  31    0
  65    0
 621    0
  46    0
  46    0
 622    0
 165    0
 623    0
  57    0
  28    0
  30    0
  39    0
  39    0
  39    0
  44    0
  45    0
  45    0
 113    0
  59    0
  27    0
  27    0
   1    0
 208    0
   8    0
   8    0
  42    0
  18    0
 624    0
 625    0
 626    0
 627    0
  67    0
  98    0
  71    0
 628    0
 629    0
 197    0
 197    0
 630    0
  36    0
 177    0
 140    0
 140    0
 140    0
  15    0
  29    0
  29    0
  29    0
  29    0
 631    0
  64    0
  26    0
  74    0
  74    0
 136    0
 632    0
 632    0
  38    0
 633    0
  66    0
 634    0
  73    0
 328    0
  35    0
  95    0
 635    0
 635    0
 635    0
 238    0
 636    0
 637    0
 638    0
  10    0
 343    0
 639    0
 617   98
  21   98
  21   98
  21   98
  21   98
  21   98
  21   98
  21   98
  41   98
  41   98
  41   98
  41   98
  41   98
  41   98
  41   98
  41   98
  31   98
  31   98
  31   98
  31   98
  46   98
  46   98
  46   98
  46   98
  39   98
  39   98
  39   98
  39   98
  45   98
  27   98
  27   98
   8   98
   8   98
   8   98
  18   98
 140   98
 140   98
 140   98
 140   98
 140   98
 140   98
  15   98
  15   98
  15   98
  15   98
  64   98
  64   98
  64   98
  64   98
 640   98
 641   98
 180   98
 116   98
 116   98
 116   98
 116   98
 116   98
 116   98
 116   98
 116   98
 116   98
 116   98
 116   98
 116   98
 116   98
 116   98
 116   98
 116   98
 116   98
 116   98
 116   98
 116   98
 116   98
 116   98
 116   98
 116   98
 116   98
 116   98
 116   98
 116   98
 116   98
 116   98
 116   98
 116   98
 116   98
 116   98
 116   98
 116   98
 642   98
  69   98
 643   98
 345   98
 644   98
 645   98
  13   98
 646   98
 646   98
 646   98
 646   98
 646   98
 646   98
 646   98
  14   98
 103   98
 115   98
  53   98
  53   98
  53   98
  53   98
  53   98
  53   98
 647   98
 648   98
 649   98
 650   98
 324   98
 651   98
 163   98
  32   98
 652   98
 653   98
 654   98
  75   98
  75   98
 128   98
 655   98
 656   98
 129   98
 167   98
 657   98
 658   98
  62   98
 127   98
 659   98
 178   98
 660   98
 661   98
  83   98
 662   98
 451   98
 663   98
 664   98
  47   98
 146   98
 563   98
 665   98
 666   98
  87   98
  87   98
 429   98
 429   98
 459   98
 617  301
  21  301
  21  301
  21  301
  21  301
  41  301
  41  301
  41  301
  55  301
  55  301
   6  301
   6  301
   9  301
   9  301
   9  301
  31  301
  31  301
  31  301
  31  301
  31  301
  65  301
  65  301
  46  301
  46  301
 622  301
 622  301
 622  301
  39  301
  39  301
  44  301
  45  301
  45  301
  45  301
  59  301
  27  301
  27  301
  27  301
  27  301
   8  301
   8  301
   8  301
   8  301
   8  301
   8  301
   8  301
   8  301
   8  301
   8  301
   8  301
  18  301
  18  301
  18  301
  18  301
  18  301
 140  301
 140  301
 140  301
 140  301
  15  301
  15  301
  64  301
  64  301
  74  301
  74  301
  74  301
 632  301
  35  301
  35  301
 238  301
  69  301
  13  301
 103  301
  53  301
  53  301
  53  301
 324  301
 324  301
  75  301
  75  301
  75  301
  87  301
  87  301
  93  301
 347  301
 573  301
 125  301
 125  301
 125  301
 125  301
   5  301
 710  301
 255  301
 714  301
 256  301
 727  301
 296  301
 366  301
 306  301
 306  301
 306  301
 306  301
 306  301
 445  301
 733  301
 616  301
 304  301
 204  301
 305  301
 734  301
 307  301
 307  301
 307  301
 307  301
 307  301
 307  301
 307  301
 307  301
 307  301
 307  301
 307  301
 307  301
 307  301
 307  301
 307  301
 307  301
 307  301
 307  301
 307  301
 307  301
 307  301
 307  301
 307  301
 307  301
 307  301
 307  301
 307  301
 307  301
 307  301
 307  301
 307  301
 307  301
 307  301
 735  301
 735  301
 736  301
 147  301
 336  301
 336  301
 291  301
 569  301
 737  301
 738  301
 153  301
 739  301
 329  301
 740  301
 449  301
 332  301
 741  301
 742  301
  48  301
 348  301
 743  301
 744  301
 133  301
 745  301
 746  301
 350  301
 150  301
 747  301
 132  301
 748  301
  33  301
 617   64
  21   64
  41   64
  41   64
  41   64
  41   64
  41   64
  41   64
  41   64
  41   64
  41   64
  41   64
  55   64
   0   64
   0   64
   6   64
   6   64
   6   64
  31   64
  31   64
  31   64
  31   64
  31   64
  31   64
  31   64
  31   64
 621   64
 621   64
 621   64
  46   64
  46   64
  46   64
  46   64
  30   64
  44   64
  45   64
  45   64
  27   64
  27   64
   8   64
   8   64
   8   64
   8   64
   8   64
   8   64
   8   64
   8   64
 140   64
 140   64
 140   64
 140   64
 140   64
 140   64
 140   64
 140   64
 140   64
 140   64
  29   64
  29   64
 136   64
 136   64
 343   64
 116   64
  14   64
  14   64
 103   64
  53   64
  53   64
  53   64
  53   64
 650   64
 650   64
 650   64
 650   64
 650   64
 650   64
 650   64
 650   64
 650   64
 650   64
 650   64
 650   64
 650   64
 650   64
 650   64
 650   64
 650   64
 129   64
  62   64
  62   64
  25   64
 448   64
 219   64
 125   64
 125   64
 701   64
 362   64
  19   64
 366   64
 366   64
 366   64
 366   64
 366   64
 366   64
 366   64
 445   64
 616   64
 301   64
 301   64
 147   64
 449   64
 350   64
 350   64
 150   64
 359   64
 359   64
 359   64
  96   64
 183   64
 183   64
 429   64
 429   64
 459   64
 459   64
 809   64
 292   64
 501   64
 824   64
 243   64
 243   64
 243   64
 243   64
 243   64
 243   64
 243   64
 243   64
 243   64
 243   64
 243   64
 243   64
 243   64
 243   64
 243   64
 243   64
 243   64
 243   64
 825   64
 426   64
 426   64
 826   64
 432   64
 827   64
 828   64
 829   64
 314   64
 830   64
 321   64
 148   64
 831   64
 463   64
 423   64
 477   64
 510   64
 510   64
 510   64
 832   64
 833   64
 833   64
 834   64
 835   64
 836   64
 837   64
 518   64
 838   64
 521   64
 188  459
  21  459
  41  459
  41  459
  41  459
  41  459
  41  459
  41  459
  41  459
  41  459
 495  459
 495  459
  55  459
  55  459
  31  459
  31  459
 621  459
  46  459
  46  459
  46  459
  39  459
  39  459
  39  459
  44  459
  27  459
  27  459
 208  459
   8  459
   8  459
   8  459
   8  459
   8  459
   8  459
   8  459
   8  459
   8  459
 626  459
 626  459
  98  459
 630  459
 140  459
 140  459
 140  459
  29  459
  29  459
  64  459
  64  459
  64  459
  64  459
  64  459
  74  459
 638  459
  14  459
  14  459
  53  459
 163  459
  62  459
  62  459
  62  459
 169  459
 358  459
 424  459
 219  459
 678  459
 125  459
 125  459
 125  459
 227  459
 694  459
  80  459
  80  459
  80  459
 699  459
 143  459
 254  459
 362  459
 569  459
 747  459
 191  459
 220  459
 220  459
 220  459
 220  459
 220  459
 220  459
 220  459
 220  459
 220  459
 220  459
 220  459
 220  459
 220  459
 220  459
 220  459
 220  459
 220  459
 335  459
 373  459
 183  459
 183  459
 240  459
 338  459
 800  459
 151  459
 151  459
 151  459
 151  459
 151  459
 151  459
 151  459
 801  459
 802  459
 531  459
 803  459
 804  459
 805  459
 247  459
 806  459
 475  459
 475  459
 582  459
 807  459
 808  459
 809  459
 810  459
 292  459
 811  459
 812  459
 813  459
 813  459
 813  459
 813  459
 813  459
 813  459
 813  459
 467  459
 814  459
 199  459
 234  459
 234  459
 815  459
 816  459
 480  459
  11  459
 817  459
 818  459
 819  459
 512  459
 820  459
 821  459
 590  459
 822  459
 378  459
 823  459
 188   74
  21   74
  21   74
  21   74
  41   74
  41   74
  41   74
  41   74
  55   74
  55   74
  55   74
  55   74
   0   74
   0   74
   0   74
   0   74
   0   74
   0   74
   6   74
  31   74
  31   74
  46   74
  46   74
  46   74
  46   74
  46   74
  46   74
  46   74
  46   74
  46   74
  46   74
  46   74
  46   74
  39   74
  39   74
  39   74
  39   74
  39   74
  39   74
  44   74
  44   74
  44   74
  45   74
  27   74
  27   74
  27   74
  27   74
  27   74
  27   74
  27   74
   8   74
   8   74
  98   74
  98   74
  98   74
  98   74
 140   74
 140   74
 140   74
 140   74
 140   74
 140   74
 140   74
 140   74
 140   74
 140   74
 140   74
 140   74
  15   74
  15   74
  15   74
  29   74
  29   74
  29   74
 116   74
 116   74
 116   74
 116   74
  69   74
 345   74
  14   74
  14   74
 163   74
  75   74
  75   74
  75   74
 655   74
 655   74
 655   74
  62   74
  87   74
  87   74
  87   74
  87   74
 162   74
  93   74
 435   74
 442   74
 125   74
 125   74
 125   74
 125   74
 125   74
 125   74
 260   74
  63   74
  63   74
 527   74
 264   74
 362   74
 301   74
 301   74
 301   74
 307   74
 307   74
  48   74
 359   74
  96   74
  96   74
  96   74
 183   74
 429   74
 429   74
 429   74
 429   74
 429   74
 429   74
 429   74
 447   74
 450   74
 459   74
 524   74
 356   74
 356   74
 356   74
 356   74
 356   74
 356   74
 857   74
 857   74
 857   74
 857   74
 857   74
 858   74
 859   74
 859   74
 859   74
 859   74
 860   74
 861   74
 550   74
 862   74
 863   74
 864   74
 138   74
 865   74
 462   74
 453   74
 866   74
 546   74
 546   74
 867   74
 144   74
 868   74
 869   74
 564   74
  52   41
  21   41
 495   41
   0   41
   6   41
   6   41
   6   41
   6   41
  65   41
  46   41
  46   41
  46   41
  46   41
  39   41
  39   41
  39   41
  39   41
  45   41
  45   41
  27   41
  27   41
  27   41
  27   41
 208   41
   8   41
   8   41
   8   41
   8   41
   8   41
   8   41
  18   41
  18   41
  98   41
  98   41
  98   41
  98   41
  71   41
  71   41
 197   41
 140   41
 140   41
  15   41
  29   41
  29   41
  64   41
  64   41
  64   41
  64   41
  64   41
  64   41
  64   41
  64   41
  74   41
  74   41
 632   41
  38   41
 642   41
  14   41
  14   41
  14   41
  14   41
  14   41
  53   41
  53   41
 163   41
  75   41
  87   41
  87   41
  61   41
  93   41
 358   41
 358   41
 358   41
 358   41
 573   41
 573   41
 573   41
 219   41
 219   41
 219   41
 219   41
 219   41
 219   41
 219   41
 219   41
 219   41
 219   41
 219   41
 219   41
 219   41
 219   41
 219   41
 219   41
 219   41
 219   41
 219   41
 219   41
 219   41
 219   41
 219   41
 219   41
 219   41
 219   41
 219   41
 219   41
 219   41
 219   41
 219   41
 219   41
 219   41
 219   41
 219   41
 673   41
 674   41
 675   41
 676   41
 258   41
 677   41
 678   41
 678   41
 678   41
 678   41
 195   41
 679   41
 680   41
 192   41
 201   41
 681   41
 682   41
 683   41
 684   41
 685   41
 686   41
 687   41
 187   41
 187   41
 200   41
 200   41
 688   41
 688   41
 689   41
  94   41
 690   41
 212   41
 212   41
 691   41
 125   41
   7   41
 202   41
 207   41
 692   41
 205   41
  54   41
 164   41
 226   41
 210   41
 137   41
  70   41
  70   41
 693   41
 228   41
 225   41
 227   41
 227   41
 222   41
 694   41
 695   41
 696   41
 233   41
  80   41
 122   41
 697   41
 698   41
 699   41
 699   41
 699   41
 699   41
 700   41
   5   41
 242   41
 143   41
 143   41
 701   41
 701   41
 260   41
 333   41
 702   41
 241   41
 703   41
  63   41
 704   41
 173   41
 705   41
 706   41
 707   41
 708   41
 709   41
 301   41
 301   41
 359   41
 359   41
 359   41
 359   41
 429   41
 429   41
 429   41
 429   41
 459   41
 459   41
  21  140
  41  140
  41  140
   6  140
   9  140
 102  140
 102  140
  31  140
  31  140
 621  140
  46  140
  46  140
  46  140
  46  140
  39  140
  39  140
  39  140
  39  140
  39  140
  39  140
  39  140
  39  140
  39  140
  39  140
  39  140
  39  140
  39  140
  39  140
  39  140
  39  140
  45  140
  27  140
   1  140
   8  140
  18  140
  98  140
  98  140
  15  140
  29  140
  29  140
  29  140
  64  140
  64  140
  64  140
  64  140
  64  140
  64  140
  74  140
  74  140
 136  140
 136  140
 634  140
  35  140
 180  140
 163  140
 163  140
 163  140
 163  140
 163  140
 163  140
 163  140
 163  140
 163  140
 163  140
 163  140
 163  140
 163  140
 163  140
 163  140
 163  140
 163  140
 163  140
 163  140
 163  140
 163  140
 163  140
 163  140
 163  140
  62  140
  62  140
 157  140
 157  140
  61  140
 162  140
  93  140
  93  140
 667  140
 347  140
 347  140
 347  140
 515  140
 179  140
 179  140
 435  140
  25  140
  25  140
 668  140
 668  140
 517  140
 517  140
 448  140
 169  140
 442  140
 154  140
 428  140
 141  140
 235  140
 669  140
 182  140
 175  140
 176  140
 358  140
 358  140
 424  140
 670  140
 671  140
 671  140
 217  140
 672  140
 301  140
 301  140
 301  140
 359  140
 429  140
 459  140
  21   39
  21   39
  21   39
  21   39
  41   39
  41   39
  41   39
  41   39
  41   39
  41   39
  55   39
   0   39
   0   39
   6   39
  46   39
  46   39
  44   39
  44   39
  44   39
  45   39
  45   39
  27   39
  27   39
   8   39
   8   39
  18   39
  18   39
  18   39
  18   39
  98   39
  98   39
  71   39
 628   39
 140   39
 140   39
 140   39
 140   39
 140   39
 140   39
 140   39
 140   39
 140   39
 140   39
 140   39
 140   39
 140   39
 140   39
 140   39
 140   39
 140   39
 140   39
 140   39
 140   39
  15   39
  15   39
  15   39
  15   39
  15   39
  15   39
  29   39
  64   39
  64   39
  74   39
  74   39
  74   39
  74   39
 116   39
  14   39
 103   39
 103   39
 103   39
 103   39
 103   39
  53   39
  53   39
  53   39
  53   39
 163   39
  75   39
  75   39
  75   39
  62   39
  62   39
  62   39
  62   39
  87   39
  87   39
  87   39
  87   39
  87   39
  87   39
  87   39
  87   39
 141   39
 358   39
 424   39
 125   39
 125   39
 527   39
 710   39
 254   39
 254   39
 254   39
 254   39
 254   39
 254   39
 254   39
 254   39
 254   39
 254   39
 254   39
 254   39
 254   39
 254   39
 254   39
 254   39
 254   39
 254   39
 254   39
 254   39
 254   39
 159   39
 711   39
 255   39
 257   39
 261   39
  58   39
 712   39
 713   39
 714   39
 364   39
 264   39
 715   39
  92   39
 362   39
 716   39
 301   39
 359   39
 429   39
 429   39
 459   39
 459   39
  21   46
  21   46
  21   46
  41   46
  41   46
   0   46
   0   46
   0   46
   6   46
   6   46
   9   46
  31   46
  31   46
  65   46
  39   46
  39   46
  39   46
  39   46
  39   46
  39   46
  39   46
  39   46
  45   46
  45   46
  45   46
  27   46
  27   46
   8   46
   8   46
  18   46
  18   46
  98   46
  98   46
  98   46
  98   46
 140   46
 140   46
 140   46
 140   46
  15   46
  29   46
  64   46
  64   46
  74   46
  74   46
  74   46
  74   46
  74   46
  74   46
  74   46
  74   46
  38   46
 328   46
  35   46
  35   46
 180   46
 116   46
  69   46
  14   46
 103   46
 103   46
 103   46
  53   46
  53   46
  75   46
  62   46
  87   46
  87   46
  87   46
  87   46
  87   46
  87   46
  25   46
  25   46
  25   46
 169   46
 678   46
 678   46
 125   46
 125   46
 125   46
  70   46
  80   46
  80   46
  80   46
 717   46
 717   46
 718   46
 256   46
 289   46
 289   46
 289   46
 289   46
 289   46
 289   46
 289   46
 289   46
 289   46
 289   46
 289   46
 289   46
 289   46
 289   46
 289   46
 289   46
 289   46
 289   46
 289   46
 289   46
 289   46
 289   46
 289   46
 289   46
 289   46
 289   46
 289   46
 289   46
 289   46
 719   46
  19   46
 160   46
 160   46
 166   46
 720   46
 721   46
 722   46
 539   46
 723   46
 724   46
 725   46
 170   46
 726   46
 727   46
 555   46
 728   46
  24   46
 729   46
 730   46
 181   46
 731   46
 296   46
  34   46
 118   46
 732   46
 299   46
 301   46
 359   46
 359   46
 429   46
 429   46
 459   46
 459   46
 459   46
  21  359
  41  359
  41  359
  41  359
  55  359
  31  359
  31  359
  31  359
  31  359
  46  359
  44  359
  45  359
  45  359
  45  359
  45  359
  45  359
  27  359
   8  359
   8  359
   8  359
   8  359
   8  359
   8  359
   8  359
   8  359
  18  359
  98  359
  98  359
 140  359
 140  359
 140  359
 140  359
 140  359
 140  359
 140  359
  15  359
  29  359
  64  359
  64  359
  64  359
  74  359
 116  359
 116  359
  53  359
  75  359
  75  359
  62  359
  62  359
  62  359
  62  359
  62  359
  62  359
  62  359
  62  359
  62  359
 358  359
 358  359
 358  359
 358  359
 358  359
 358  359
 358  359
 358  359
 219  359
 219  359
 219  359
 219  359
 678  359
 125  359
 125  359
 125  359
  80  359
  80  359
 362  359
 181  359
 181  359
 181  359
 366  359
 366  359
 366  359
 290  359
 749  359
 191  359
 220  359
 750  359
 751  359
 752  359
 752  359
 367  359
 753  359
 295  359
 599  359
 368  359
 369  359
 365  359
 754  359
 755  359
 319  359
 756  359
 757  359
 758  359
 370  359
 379  359
 379  359
 379  359
 379  359
 379  359
 759  359
 759  359
 759  359
 759  359
 759  359
 759  359
 759  359
 335  359
 760  359
 760  359
 760  359
 760  359
 760  359
 761  359
 761  359
 389  359
 245  359
 373  359
 373  359
 373  359
  21   87
  21   87
  21   87
  41   87
  41   87
  41   87
  41   87
  41   87
  41   87
  41   87
  41   87
  41   87
  41   87
   0   87
   0   87
   0   87
   6   87
  31   87
  31   87
  65   87
  46   87
  46   87
  46   87
  46   87
  46   87
  46   87
  46   87
  46   87
  39   87
  39   87
  39   87
  39   87
  44   87
  27   87
   8   87
   8   87
   8   87
   8   87
   8   87
   8   87
   8   87
   8   87
   8   87
  18   87
  18   87
  98   87
  98   87
  98   87
  98   87
  98   87
  98   87
  98   87
  98   87
  15   87
  29   87
  29   87
  29   87
  29   87
  29   87
  14   87
  14   87
  14   87
  14   87
  14   87
  14   87
  14   87
  14   87
  14   87
  14   87
  14   87
  14   87
  14   87
  14   87
  14   87
  14   87
 103   87
  53   87
  53   87
  53   87
  53   87
  53   87
  53   87
  53   87
  53   87
 163   87
  75   87
 162   87
 424   87
 219   87
 676   87
 125   87
 125   87
 125   87
 233   87
  63   87
 362   87
 301   87
 301   87
 301   87
 301   87
 301   87
 150   87
 220   87
 359   87
 393   87
 393   87
 393   87
 393   87
 393   87
 393   87
 393   87
 393   87
 393   87
 393   87
 762   87
 578   87
 763   87
 396   87
 396   87
 396   87
 396   87
 396   87
 396   87
 764   87
 765   87
 399   87
 766   87
 375   87
 375   87
 767   87
 767   87
 767   87
 767   87
 767   87
 767   87
 767   87
 767   87
 767   87
 397   87
 768   87
 769   87
 400   87
 770   87
  96   87
  96   87
  96   87
  96   87
  96   87
  96   87
  96   87
  96   87
  96   87
  96   87
  96   87
  96   87
 183   87
 771   87
 772   87
 772   87
 772   87
 772   87
 773   87
 774   87
 410   87
 410   87
 401   87
 419   87
 419   87
 419   87
 419   87
 406   87
 406   87
 775   87
 403   87
 240   87
 240   87
 240   87
 240   87
 413   87
 413   87
 776   87
 422   87
 777   87
 425   87
 523   87
 778   87
 779   87
 429   87
  21  429
  21  429
  21  429
  21  429
  21  429
  21  429
 505  429
  41  429
  41  429
  41  429
 495  429
   9  429
 102  429
  65  429
  46  429
  39  429
  39  429
  39  429
  39  429
  39  429
  44  429
  45  429
  45  429
  45  429
  45  429
   1  429
   8  429
   8  429
   8  429
   8  429
  18  429
  18  429
  18  429
  18  429
 197  429
 140  429
  15  429
  15  429
  29  429
  29  429
  64  429
  64  429
  64  429
  74  429
  74  429
 180  429
  69  429
  13  429
  13  429
 103  429
  53  429
  53  429
  53  429
  75  429
 655  429
 129  429
 657  429
  62  429
  62  429
  83  429
 451  429
  87  429
  93  429
 358  429
 678  429
 125  429
 125  429
 125  429
 125  429
  54  429
 697  429
  63  429
  63  429
  63  429
  63  429
  63  429
  63  429
  63  429
  63  429
  63  429
  63  429
  63  429
  63  429
  63  429
  63  429
  63  429
  63  429
  63  429
  63  429
  63  429
  63  429
  63  429
  63  429
  63  429
  63  429
 173  429
 727  429
 299  429
 307  429
 315  429
 780  429
 189  429
 781  429
 782  429
 783  429
 784  429
 784  429
 338  429
 785  429
 155  429
 786  429
 787  429
 788  429
 789  429
 789  429
 789  429
 789  429
 447  429
 790  429
 791  429
 792  429
 793  429
 794  429
 355  429
  12  429
 795  429
  86  429
 437  429
 796  429
 282  429
  49  429
 797  429
 798  429
 799  429
 450  429
  21   31
  21   31
  21   31
  21   31
  21   31
  21   31
  21   31
  41   31
  41   31
  41   31
  41   31
  41   31
  41   31
  41   31
  41   31
  41   31
  41   31
  41   31
  41   31
  55   31
  55   31
   0   31
   0   31
   0   31
   0   31
   0   31
  65   31
  46   31
  46   31
  46   31
  46   31
  46   31
  46   31
  46   31
  46   31
  46   31
  46   31
  46   31
  46   31
  46   31
  46   31
  46   31
  46   31
  39   31
  39   31
  44   31
  59   31
  27   31
  27   31
  27   31
   8   31
   8   31
   8   31
   8   31
   8   31
  18   31
  18   31
  98   31
  98   31
  98   31
  98   31
  98   31
  98   31
  98   31
  98   31
 140   31
 140   31
 140   31
 140   31
 140   31
 140   31
 140   31
 140   31
 140   31
 140   31
  15   31
  15   31
  15   31
  15   31
  29   31
  29   31
  29   31
  29   31
  29   31
  64   31
  64   31
  14   31
  14   31
 103   31
  53   31
  53   31
  53   31
  53   31
  53   31
  53   31
  53   31
  53   31
  53   31
  53   31
  53   31
  53   31
  75   31
  75   31
  62   31
  47   31
  87   31
  87   31
 358   31
 219   31
 219   31
 125   31
 125   31
 125   31
 125   31
 125   31
 257   31
 261   31
  58   31
 362   31
 539   31
 301   31
 301   31
 301   31
 301   31
 301   31
 307   31
 307   31
 147   31
 449   31
 150   31
 368   31
  96   31
  96   31
 523   31
 523   31
 523   31
 523   31
 429   31
 429   31
 429   31
 475   31
 475   31
 839   31
 840   31
 436   31
 841   31
 841   31
 841   31
 841   31
 841   31
 841   31
 841   31
 841   31
 841   31
 841   31
 841   31
 841   31
 841   31
 841   31
 841   31
 841   31
 841   31
 842   31
 843   31
 382   31
 279   31
 844   31
 309   31
 845   31
 846   31
 847   31
 537   31
 537   31
 537   31
 537   31
 537   31
 537   31
 537   31
 537   31
 331   31
   2   31
 848   31
 849   31
 850   31
 851   31
 852   31
 853   31
 854   31
 581   31
 855   31
 856   31
 543   31
 541   31
  21   53
  21   53
  21   53
  21   53
  21   53
  41   53
  41   53
  41   53
  41   53
  41   53
  41   53
  55   53
   0   53
   0   53
  31   53
  31   53
  65   53
  46   53
  46   53
  46   53
  46   53
  39   53
  39   53
  39   53
  39   53
  44   53
   8   53
   8   53
   8   53
   8   53
   8   53
   8   53
   8   53
  18   53
  18   53
  18   53
 626   53
  98   53
  98   53
  98   53
  98   53
  98   53
  98   53
  98   53
  98   53
  98   53
  98   53
  98   53
  98   53
 628   53
 197   53
 630   53
 140   53
 140   53
 140   53
 140   53
 140   53
 140   53
  29   53
  29   53
  29   53
  29   53
  29   53
  29   53
  29   53
  64   53
  64   53
  38   53
  14   53
  14   53
  14   53
  14   53
  14   53
  14   53
  14   53
  14   53
  14   53
  14   53
  14   53
  14   53
 103   53
 163   53
 163   53
  32   53
 654   53
  75   53
  75   53
  75   53
 129   53
 129   53
  87   53
  87   53
  87   53
  87   53
  87   53
  87   53
  87   53
  87   53
 442   53
 235   53
 358   53
 573   53
 573   53
 573   53
 573   53
 690   53
 125   53
 125   53
 702   53
 704   53
 366   53
 616   53
 616   53
 301   53
 301   53
 301   53
 301   53
 301   53
 301   53
 301   53
 307   53
 132   53
 132   53
 132   53
 599   53
 368   53
 335   53
 335   53
 393   53
 393   53
 393   53
 393   53
 393   53
 393   53
 393   53
 393   53
 393   53
 393   53
 393   53
 393   53
 393   53
 393   53
 396   53
 396   53
 767   53
 767   53
 767   53
  96   53
  96   53
 183   53
 183   53
 403   53
 792   53
 792   53
 794   53
 531   53
 475   53
 475   53
 475   53
 475   53
 475   53
 475   53
 832   53
 436   53
 309   53
 581   53
 581   53
 581   53
 581   53
 581   53
 581   53
 462   53
 870   53
 871   53
 872   53
 312   53
 579   53
 873   53
 874   53
 591   53
 134   53
 875   53
 111   53
 586   53
 595   53
 876   53
 877   53
 594   53
 594   53
 878   53
 879   53
 880   53
 469   53
 881   53
 882   53
 883   53
 884   53
 885   53
 885   53
 885   53
 886   53
 886   53
 596   53
 596   53
 604   53
 887   53
 420   53
 605   53
 888   53
 889   53
 890   53
 357   53
 891   53
 892   53
 100   53
 893   53
 894   53
 895   53
 293   53
 896   53
 897   53
 898   53
 899   53
 900   53
 901   53
 902   53
 903   53
  41   52
   0   52
  98   52
  41  184
  41  184
  41  185
  41   29
  41   29
  41   29
   0   29
   0   29
   0   29
   0   29
  31   29
  31   29
  31   29
  31   29
  31   29
  46   29
  46   29
  39   29
  39   29
 140   29
 140   29
 140   29
 140   29
  64   29
  64   29
  74   29
  74   29
  74   29
  53   29
  53   29
  53   29
  87   29
  87   29
 359   29
 359   29
 429   29
 429   29
 429   29
 429   29
 459   29
 459   29
 459   29
  41  125
  41  125
  31  125
  31  125
  31  125
  46  125
  46  125
  39  125
  39  125
  39  125
  98  125
 140  125
 140  125
 140  125
  64  125
  74  125
  74  125
 301  125
 301  125
 301  125
 301  125
 359  125
 429  125
 429  125
 459  125
 459  125
  41  186
  41  187
  41    8
  41    8
  41    8
  41    8
  41    8
  41    8
  41    8
  41    8
  41    8
  41    8
  41    8
  41    8
  41    8
  41    8
  41    8
  41    8
  41    8
  41    8
  41    8
  41    8
   0    8
   0    8
   0    8
   0    8
   0    8
   0    8
   0    8
   0    8
   0    8
   0    8
  31    8
  31    8
  31    8
  31    8
  31    8
  31    8
  31    8
  31    8
  31    8
  31    8
  31    8
  31    8
  46    8
  46    8
  46    8
  46    8
  46    8
  46    8
  46    8
  46    8
  46    8
  46    8
  46    8
  39    8
  39    8
  39    8
  39    8
  39    8
  39    8
  39    8
  39    8
  39    8
  98    8
  98    8
  98    8
  98    8
  98    8
  98    8
  98    8
 140    8
 140    8
  64    8
  64    8
  64    8
  64    8
  64    8
  64    8
  64    8
  64    8
  64    8
  64    8
  64    8
  64    8
  64    8
  74    8
  74    8
  74    8
  74    8
  74    8
  74    8
  74    8
  74    8
  74    8
  53    8
  53    8
  53    8
  53    8
  53    8
  53    8
  53    8
  53    8
  53    8
  53    8
  53    8
  53    8
  53    8
  53    8
  53    8
  87    8
  87    8
  87    8
  87    8
  87    8
  87    8
  87    8
  87    8
  87    8
  87    8
  87    8
  87    8
  87    8
  87    8
  87    8
  87    8
 301    8
 301    8
 301    8
 301    8
 301    8
 301    8
 301    8
 301    8
 301    8
 301    8
 301    8
 301    8
 301    8
 301    8
 301    8
 359    8
 359    8
 359    8
 359    8
 359    8
 359    8
 359    8
 359    8
 359    8
 359    8
 359    8
 359    8
 429    8
 429    8
 429    8
 429    8
 429    8
 429    8
 429    8
 429    8
 429    8
 459    8
 459    8
 459    8
 459    8
 459    8
 459    8
 459    8
 459    8
 459    8
 459    8
 459    8
 459    8
 459    8
 459    8
 459    8
  41  188
  53  188
 459  188
  41  189
  41    6
  41    6
  41    6
   0    6
   0    6
   0    6
  31    6
  31    6
  31    6
  31    6
  46    6
  98    6
  98    6
 140    6
 140    6
 140    6
 140    6
 140    6
 140    6
 140    6
  64    6
  64    6
  64    6
  74    6
  53    6
 301    6
 429    6
 459    6
 459    6
 459    6
 459    6
 459    6
  41  190
  41  190
 301  190
  41  103
  46  103
  46  103
  46  103
  46  103
  46  103
  46  103
  46  103
  46  103
  46  103
  46  103
  46  103
  39  103
  39  103
  98  103
  98  103
  98  103
 140  103
 140  103
 140  103
  64  103
  74  103
  87  103
 301  103
 301  103
 359  103
 459  103
  41   14
  41   14
  41   14
  41   14
  41   14
  41   14
  41   14
  41   14
  41   14
   0   14
   0   14
  31   14
  31   14
  31   14
  31   14
  31   14
  46   14
  46   14
  98   14
  98   14
 140   14
  64   14
  64   14
  64   14
  74   14
  74   14
  53   14
  53   14
  53   14
  53   14
  53   14
  53   14
  53   14
  53   14
  53   14
  53   14
  53   14
  53   14
  53   14
  53   14
  53   14
  53   14
  53   14
  53   14
  53   14
  53   14
  53   14
  53   14
  53   14
  53   14
  53   14
  87   14
  87   14
  87   14
  87   14
  87   14
  87   14
  87   14
  87   14
  87   14
  87   14
  87   14
  87   14
 429   14
 429   14
 429   14
 429   14
 429   14
 429   14
 459   14
 459   14
  41  191
  31  191
  64  191
  64  191
 301  191
 359  191
 459  191
 459  191
 459  191
  41  192
  41  192
 301  192
 301  192
  41  193
  41  194
  41  195
  41  196
  41   44
   0   44
  31   44
  31   44
  39   44
  39   44
  98   44
  98   44
  98   44
  98   44
  98   44
 140   44
  74   44
  74   44
  74   44
  74   44
  53   44
  53   44
 301   44
 301   44
 301   44
 301   44
 429   44
 459   44
  41   33
  41   33
  41   33
  41   33
  41   33
   0   33
   0   33
   0   33
   0   33
   0   33
   0   33
   0   33
   0   33
   0   33
  31   33
  31   33
  31   33
  31   33
  31   33
  31   33
  31   33
  31   33
  46   33
  46   33
  46   33
  46   33
  39   33
  39   33
  39   33
  39   33
  39   33
  39   33
  39   33
  39   33
  98   33
  98   33
  98   33
  98   33
  98   33
  98   33
  98   33
 140   33
 140   33
 140   33
 140   33
 140   33
  64   33
  64   33
  64   33
  64   33
  74   33
  74   33
  74   33
  74   33
  74   33
  74   33
  53   33
  53   33
  53   33
  53   33
  53   33
  87   33
  87   33
  87   33
  87   33
  87   33
  87   33
  87   33
  87   33
 301   33
 301   33
 301   33
 301   33
 301   33
 301   33
 301   33
 301   33
 359   33
 359   33
 359   33
 429   33
 429   33
 429   33
 429   33
 429   33
 429   33
 429   33
 429   33
 429   33
 459   33
 459   33
 459   33
 459   33
 459   33
 459   33
  41  160
 140  160
 459  160
  41  197
  46  197
 429  197
  41  198
  41  199
  41  200
  41  200
  41  201
  41  202
  41   71
   0   71
  98   71
  41  157
 140  157
  41  203
  41  204
  41   27
  41   27
  41   27
   0   27
   0   27
   0   27
   0   27
  46   27
  39   27
  39   27
  39   27
  39   27
  39   27
 140   27
  64   27
  64   27
  64   27
  74   27
  74   27
  53   27
  53   27
  53   27
  87   27
 301   27
 301   27
 459   27
 459   27
 459   27
 459   27
  41   15
   0   15
   0   15
   0   15
   0   15
   0   15
   0   15
   0   15
   0   15
   0   15
  31   15
  31   15
  31   15
  31   15
  31   15
  31   15
  46   15
  46   15
  46   15
  46   15
  46   15
  46   15
  46   15
  39   15
  39   15
  39   15
  39   15
  39   15
  39   15
  98   15
  98   15
  98   15
  98   15
  98   15
 140   15
 140   15
 140   15
 140   15
 140   15
  64   15
  64   15
  64   15
  64   15
  74   15
  74   15
  74   15
  74   15
  74   15
  74   15
  53   15
  87   15
  87   15
 301   15
 301   15
 301   15
 301   15
 301   15
 301   15
 359   15
 359   15
 429   15
 429   15
 429   15
 459   15
 459   15
 459   15
  41  205
  41  206
  41  207
  41  207
  41   10
   0   10
 301   10
  41  208
  41   93
   0   93
 140   93
 301   93
 301   93
  41   21
   0   21
   0   21
   0   21
   0   21
  31   21
  31   21
  31   21
  31   21
  31   21
  46   21
  46   21
  46   21
  98   21
  98   21
  98   21
  98   21
  98   21
  98   21
  98   21
 140   21
 140   21
 140   21
 140   21
  64   21
  74   21
  74   21
  53   21
  53   21
  53   21
  53   21
  53   21
  53   21
  53   21
 301   21
 301   21
 301   21
 301   21
 301   21
 359   21
 429   21
 429   21
 429   21
 429   21
 429   21
 429   21
 459   21
 459   21
 459   21
 459   21
  41  209
  41  209
  41  210
  41  210
  41  152
 140  152
  41  211
  41  212
  41  212
  41  212
  41  213
  41  214
  41  215
  41  216
  41  217
  41  218
  41  219
  41  219
  41  219
  41  219
  41  219
  41  219
  41  219
  41  219
  41  219
  41  219
  41  219
  41  219
  41  219
  41  219
 359  219
 359  219
 359  219
  41    5
   0    5
  98    5
 301    5
  41  220
 359  220
 459  220
 459  220
  41  183
 140  183
  64  183
  64  183
  64  183
  64  183
  64  183
  64  183
  64  183
  64  183
  64  183
  64  183
  64  183
  64  183
  64  183
  64  183
  64  183
  64  183
  64  183
  64  183
  87  183
 359  183
 359  183
 359  183
 459  183
 459  183
 459  183
 459  183
 459  183
 459  183
 459  183
 459  183
  41  221
  41  222
  41   45
  41   45
  41   45
  41   45
  41   45
  41   45
  41   45
  41   45
   0   45
   0   45
   0   45
  31   45
  31   45
  46   45
  46   45
  46   45
  39   45
  39   45
  39   45
  98   45
 140   45
 140   45
 140   45
  64   45
  64   45
  64   45
  64   45
  64   45
  74   45
  53   45
 301   45
 301   45
 429   45
 429   45
  41  223
  41   62
  41   62
  41   62
   0   62
   0   62
  31   62
  46   62
  46   62
  39   62
  39   62
  39   62
  39   62
  39   62
  39   62
  39   62
  98   62
  98   62
 140   62
 140   62
 140   62
  64   62
  74   62
 301   62
 359   62
 359   62
 359   62
 429   62
 459   62
  41  224
 429  224
  41  142
  98  142
  53  142
  41  225
  41   80
  41   80
   0   80
  31   80
  31   80
  31   80
  31   80
  31   80
  46   80
  46   80
  98   80
  98   80
 140   80
  74   80
  74   80
  53   80
  53   80
  53   80
  87   80
 359   80
 359   80
 459   80
 459   80
 459   80
 459   80
 459   80
 459   80
 459   80
 459   80
 459   80
  41  226
  41  227
  41  227
  41  228
  41    2
   0    2
  41  229
  41  230
  41  162
  31  162
  31  162
  31  162
  39  162
  39  162
  39  162
 140  162
  74  162
  87  162
  87  162
  41   22
   0   22
  41  231
  41  121
  98  121
  74  121
  41  232
  41  233
  41  233
  41  234
  41  137
  98  137
  41  235
  41  143
  41  143
  98  143
  41  236
  41  236
  41  237
 301  237
  41  238
  41   90
   0   90
  64   90
  41  239
  41  240
  64  240
  74  240
  53  240
  53  240
  87  240
  87  240
  87  240
  87  240
  87  240
  87  240
  87  240
 359  240
 359  240
 459  240
  41  150
  31  150
  31  150
  31  150
  46  150
  39  150
  98  150
  64  150
  74  150
  74  150
  53  150
  53  150
  87  150
 359  150
 429  150
  41   75
   0   75
  31   75
  31   75
  31   75
  31   75
  31   75
  46   75
  46   75
  46   75
  46   75
  46   75
  46   75
  46   75
  46   75
  98   75
  98   75
  98   75
  98   75
 140   75
 140   75
 140   75
 140   75
 140   75
  64   75
  74   75
  74   75
  53   75
  53   75
  53   75
  53   75
 301   75
 301   75
 301   75
 301   75
 301   75
 429   75
 459   75
  41  241
  41  242
  41  243
  64  243
  64  243
  64  243
  64  243
  64  243
  41   35
   0   35
  98   35
  98   35
 140   35
  41  244
  41  245
  41  246
  64  246
  41  247
  41  247
 459  247
  41  248
   0    1
   0    1
   0    3
   0    4
 140    4
   0    7
  98    7
 140    7
   0    9
  98    9
 301    9
 429    9
   0   11
   0   12
   0   13
   0   13
   0   13
  46   13
   0   16
   0   17
   0   18
   0   18
   0   18
  31   18
  46   18
  46   18
  46   18
  39   18
  98   18
  98   18
  98   18
  98   18
 140   18
 140   18
 140   18
  64   18
  74   18
  53   18
  53   18
  53   18
  87   18
 301   18
 301   18
 301   18
 301   18
 301   18
 301   18
 301   18
 301   18
 301   18
 359   18
 359   18
 429   18
 429   18
 429   18
   0   19
 140   19
   0   20
   0   20
   0   23
 140   23
   0   24
  46   24
   0   25
   0   25
   0   25
  98   25
 140   25
   0   26
   0   28
   0   28
   0   30
  31   30
  31   30
  39   30
  39   30
  74   30
  74   30
   0   32
  53   32
 301   32
 301   32
   0   34
   0   36
   0   37
   0   38
   0   40
 301   40
   0   42
  98   42
 301   42
   0   43
   0   47
   0   48
   0   49
   0   50
   0   51
   0   54
   0   55
  98   55
  74   55
   0   56
   0   57
   0   57
  98   57
   0   58
   0   58
 140   58
   0   59
   0   59
   0   60
   0   61
  98   61
 301   61
 429   61
   0   63
  74   63
 429   63
 429   63
 429   63
 429   63
 429   63
 429   63
 429   63
   0   65
 140   65
  53   65
   0   66
   0   67
   0   68
   0   69
   0   69
  74   69
   0   70
 140   70
   0   72
 301   72
   0   73
   0   73
   0   76
   0   77
   0   77
   0   77
  46   77
   0   78
   0   79
   0   81
   0   82
 359   82
   0   83
 459   83
   0   84
   0   85
   0   86
   0   88
   0   89
   0   91
   0   92
  39   92
  98   92
 429   92
   0   94
   0   95
   0   96
  74   96
  74   96
  53   96
  87   96
  87   96
 301   96
 459   96
 459   96
   0   97
  31  287
  31  287
  31  287
  46  287
  31  523
  31  523
  31  523
  31  523
  31  523
  31  523
  31  523
  31  523
  31  523
  31  523
  31  523
  31  523
  31  523
  31  523
  31  523
  31  523
  31  523
  31  524
  31  525
  31  526
  31  527
  31  362
  31  362
  64  362
  64  362
  64  362
  87  362
 359  362
 359  362
 359  362
 359  362
 359  362
 359  362
 359  362
 459  362
 459  362
 459  362
 459  362
  31  343
 301  343
 459  343
  31  264
  39  264
  39  264
  53  264
  53  264
  31  528
  31  307
 301  307
 301  307
  31  529
  31  530
  31  276
  31  276
  31  276
  31  276
  46  276
  74  276
  74  276
  31  531
  53  531
  31  532
  31  257
  39  257
  39  257
  39  257
  74  257
  31  533
  31  534
  31  534
  31  535
  31  536
  31  537
  31  537
  31  537
  31  368
  31  368
 359  368
  31  100
  98  100
 429  100
  31  538
  74  538
  31  539
  31  540
  31  541
  31  542
  31  543
  31  543
  31  358
 301  358
 359  358
 359  358
 459  358
  46  271
  46  272
  46  273
  46  118
  98  118
  46  274
  46  275
  64  275
  46  277
  46  278
  46  130
  98  130
 429  130
  46  279
  46  279
  46  280
  46  281
  46  134
  46  134
  98  134
  46  282
  64  282
  46  283
  46  284
  46  285
  46  286
 301  286
 429  286
  46  288
  46  289
  46  289
  46  289
  46  289
  46  165
 140  165
  46  290
  46  291
  53  291
 301  291
  46  292
 459  292
  46  167
 140  167
  46  293
  46  173
 140  173
 429  173
 459  173
  46  294
  46  295
 459  295
  46  296
 301  296
  46  297
  46  298
  46  155
  46  155
 140  155
  46  299
  46  300
 301  300
  39  249
  39  250
  39  250
  39  250
  39  250
  39  251
  39  252
  39  252
  74  252
  39  253
  39  254
  39  254
  39  255
  39  256
  39  258
  53  258
  39  259
  39  260
  39  261
  39  106
  98  106
  39  262
  39  263
  39  265
  39  266
  39  267
  39  268
  39  269
  39  139
  98  139
  39  270
  98   99
  98  101
  98  102
  98  104
  98  105
  98  107
  98  108
  98  109
  98  109
  98  109
  98  110
  98  111
  98  112
 301  112
  98  113
  98  114
  98  115
  98  116
  98  116
  98  116
  98  116
  98  116
  98  116
  64  116
  64  116
  98  117
  98  119
 301  119
  98  120
  98  122
  98  123
  98  124
  98  126
  98  127
  98  128
  98  129
  98  129
 429  129
  98  131
  98  132
  98  133
  98  135
  98  136
  98  138
  53  138
  98  141
 140  141
  98  144
  98  145
  98  146
  98  147
  98  148
  98  149
 140  151
 459  151
 140  153
 140  154
 140  156
 140  158
 140  159
 429  159
 140  161
 140  163
 140  163
 140  163
 140  163
 140  163
 140  163
 140  163
  53  163
 140  164
 140  166
 140  168
 140  169
 140  170
 140  170
 140  171
  64  171
 140  172
 140  174
 140  175
 140  176
 140  177
 140  178
 140  179
 301  179
 140  180
 140  181
  64  181
 359  181
 359  181
 359  181
 359  181
 429  181
 459  181
 140  182
  64  366
  64  366
  64  366
  64  366
  64  366
  64  366
  64  366
  64  366
  64  366
  64  366
  64  366
  64  366
  64  366
  64  366
  64  366
  64  366
  64  366
  64  366
  64  366
  64  366
  64  366
  64  366
  64  366
  64  366
  64  366
  64  366
  64  366
  53  366
 359  366
  64  497
  64  498
  64  499
  64  500
  64  501
  64  502
  64  503
  64  503
  64  503
  64  504
  64  423
  87  423
 459  423
 459  423
  64  477
 459  477
  64  505
  64  506
  64  507
  64  508
  64  509
  64  510
  64  510
  64  510
  64  510
  64  511
  64  512
  64  513
  64  514
  64  515
  64  516
  64  517
  64  518
  64  519
  64  520
  64  521
  64  521
  64  522
  74  544
  74  356
  74  356
  74  356
  74  356
  74  356
  74  356
  74  356
  74  356
  74  356
 301  356
  74  545
  74  546
  74  546
  74  546
  74  546
  74  546
  74  547
  74  548
  74  439
 429  439
  74  549
  74  550
  74  551
  74  552
  74  553
  74  554
  74  379
 359  379
 359  379
 359  379
 359  379
 359  379
 359  379
 359  379
 459  379
  74  555
  74  556
  74  557
  74  450
 429  450
  74  453
  53  453
 429  453
  74  558
  74  559
  74  560
  74  561
  74  562
  74  563
  74  357
  74  357
  87  357
 301  357
 429  357
 429  357
  74  402
  87  402
  74  564
  53  328
 301  328
 429  328
  53  565
  53  566
  53  567
  53  568
  53  569
  53  570
  53  571
  53  572
  53  573
  53  573
  53  574
  53  575
  53  576
  53  577
  53  578
  53  579
  53  580
  53  312
 301  312
  53  581
  53  581
  53  581
  53  582
  53  583
  53  584
  53  585
  53  586
  53  587
  53  396
  53  396
  53  396
  53  396
  87  396
  87  396
  87  396
  87  396
  87  396
  87  396
  53  393
  53  393
  53  393
  87  393
  87  393
  87  393
  87  393
  53  475
  53  475
 459  475
  53  588
  53  589
  53  455
 429  455
  53  590
  53  326
 301  326
  53  591
  53  592
  53  593
  53  594
  53  595
  53  596
  53  596
  53  596
  53  597
  53  383
 359  383
  53  598
  53  599
  53  600
  53  397
  87  397
  87  397
  53  601
  53  602
  53  387
 359  387
  53  603
  53  603
  53  603
  53  604
  53  605
  53  606
  53  607
  53  608
  53  609
  53  610
  53  611
  53  611
  53  612
  53  613
  53  613
  53  614
  53  615
  53  616
  87  392
  87  392
  87  367
 359  367
 359  367
 359  367
 359  367
 359  367
  87  394
  87  394
  87  394
  87  395
  87  395
  87  395
  87  395
  87  395
  87  375
  87  375
  87  375
  87  375
 359  375
  87  398
  87  398
  87  398
  87  398
  87  398
  87  398
  87  398
  87  399
  87  400
  87  400
  87  400
  87  400
  87  401
  87  403
  87  403
  87  403
  87  403
  87  403
  87  403
  87  404
  87  405
  87  406
  87  406
  87  406
  87  407
  87  408
  87  409
  87  409
  87  410
  87  410
  87  411
  87  411
  87  412
  87  413
  87  413
  87  413
 429  413
  87  414
  87  415
  87  416
  87  417
  87  418
  87  419
  87  420
  87  421
  87  422
  87  424
  87  424
  87  425
  87  426
  87  427
  87  428
 301  302
 301  303
 301  304
 301  305
 301  306
 301  308
 301  308
 301  309
 301  309
 429  309
 301  310
 301  311
 301  313
 301  314
 301  315
 301  315
 301  316
 459  316
 301  317
 301  317
 301  318
 301  319
 301  320
 301  321
 301  322
 301  323
 301  324
 459  324
 301  325
 301  327
 301  329
 301  330
 301  331
 301  332
 301  333
 429  333
 301  334
 301  335
 301  336
 301  337
 301  338
 301  339
 301  340
 301  341
 301  342
 301  344
 301  345
 301  346
 459  346
 301  347
 301  348
 301  349
 301  350
 301  351
 301  352
 301  353
 301  354
 301  355
 359  360
 359  361
 359  363
 359  363
 359  363
 359  363
 359  363
 359  363
 359  363
 359  363
 359  363
 359  363
 359  363
 359  363
 359  363
 359  364
 359  364
 359  365
 359  369
 359  370
 359  371
 359  372
 359  373
 359  373
 359  374
 359  376
 359  377
 359  378
 359  380
 359  380
 359  381
 359  381
 359  381
 359  382
 359  384
 359  385
 359  386
 359  388
 359  389
 359  390
 359  391
 429  430
 429  431
 429  432
 429  433
 429  434
 429  435
 429  436
 429  437
 429  437
 429  438
 429  440
 429  441
 429  442
 429  443
 429  444
 429  445
 429  446
 429  447
 429  448
 429  449
 429  451
 429  452
 429  454
 429  456
 429  457
 429  458
 459  460
 459  461
 459  462
 459  463
 459  464
 459  465
 459  466
 459  467
 459  468
 459  469
 459  470
 459  471
 459  472
 459  473
 459  474
 459  476
 459  478
 459  479
 459  479
 459  480
 459  481
 459  482
 459  483
 459  484
 459  485
 459  486
 459  487
 459  488
 459  489
 459  490
 459  491
 459  492
 459  493
 459  494
 459  495
 459  496