 613    0
 187    0
  52    0
  52    0
  21    0
  21    0
  21    0
  21    0
 501    0
  41    0
  41    0
 491    0
 614    0
 615    0
 615    0
 615    0
 615    0
 615    0
  55    0
  55    0
  55    0
  55    0
  55    0
  55    0
  55    0
  55    0
  55    0
  55    0
  55    0
  55    0
  55    0
  55    0
  55    0
  55    0
  55    0
  55    0
  55    0
  55    0
  55    0
  55    0
  55    0
  55    0
  55    0
  55    0
  55    0
  55    0
 616    0
   6    0
   9    0
   9    0
   9    0
 102    0
  22    0
  31    0
  31    0
  31    0
  65    0
 617    0
  46    0
  46    0
 618    0
 164    0
 619    0
  57    0
  28    0
  30    0
  39    0
  39    0
  39    0
  44    0
  45    0
  45    0
 113    0
  59    0
  27    0
  27    0
   1    0
 207    0
   8    0
   8    0
  42    0
  18    0
 620    0
 621    0
 622    0
 623    0
  67    0
  98    0
  71    0
 624    0
 625    0
 196    0
 196    0
 626    0
  36    0
 176    0
 139    0
 139    0
 139    0
  15    0
  29    0
  29    0
  29    0
  29    0
 627    0
  64    0
  26    0
  74    0
  74    0
 135    0
 628    0
 628    0
  38    0
 629    0
  66    0
 630    0
  73    0
 327    0
  35    0
  95    0
 631    0
 631    0
 631    0
 237    0
 632    0
 633    0
 634    0
  10    0
 342    0
 635    0
 300    0
 300    0
 300    0
 300    0
 455    0
 455    0
 613   98
  21   98
  21   98
  21   98
  21   98
  21   98
  21   98
  21   98
  41   98
  41   98
  41   98
  41   98
  31   98
  31   98
  46   98
  46   98
  39   98
  39   98
  45   98
  27   98
  27   98
   8   98
   8   98
   8   98
  18   98
 139   98
 139   98
 139   98
  15   98
  15   98
  15   98
  15   98
  64   98
  64   98
 636   98
 637   98
 179   98
 116   98
 116   98
 116   98
 116   98
 116   98
 116   98
 116   98
 116   98
 116   98
 116   98
 116   98
 116   98
 116   98
 116   98
 116   98
 116   98
 116   98
 116   98
 116   98
 116   98
 116   98
 116   98
 116   98
 116   98
 116   98
 116   98
 116   98
 116   98
 116   98
 116   98
 116   98
 116   98
 116   98
 116   98
 116   98
 116   98
 638   98
  69   98
 639   98
 344   98
 640   98
 641   98
  13   98
 642   98
 642   98
 642   98
 642   98
 642   98
 642   98
 642   98
  14   98
 103   98
 115   98
  53   98
  53   98
  53   98
 643   98
 644   98
 645   98
 646   98
 323   98
 647   98
 162   98
  32   98
 648   98
 649   98
 650   98
  75   98
  75   98
 127   98
 651   98
 652   98
 128   98
 166   98
 653   98
 654   98
  62   98
 126   98
 655   98
 177   98
 656   98
 657   98
  83   98
 658   98
 447   98
 659   98
 660   98
  47   98
 145   98
 559   98
 661   98
 662   98
  87   98
 455   98
 613  300
  21  300
  21  300
  21  300
  21  300
  41  300
  41  300
  41  300
  55  300
  55  300
   0  300
   0  300
   0  300
   0  300
   6  300
   6  300
   9  300
   9  300
   9  300
  31  300
  31  300
  31  300
  31  300
  31  300
  65  300
  65  300
  46  300
  46  300
 618  300
 618  300
 618  300
  39  300
  39  300
  44  300
  45  300
  45  300
  45  300
  59  300
  27  300
  27  300
  27  300
  27  300
   8  300
   8  300
   8  300
   8  300
   8  300
   8  300
   8  300
   8  300
   8  300
   8  300
   8  300
  18  300
  18  300
  18  300
  18  300
  18  300
 139  300
 139  300
 139  300
 139  300
  15  300
  15  300
  64  300
  64  300
  74  300
  74  300
  74  300
 628  300
  35  300
  35  300
 237  300
  69  300
  13  300
 103  300
  53  300
  53  300
  53  300
 323  300
 323  300
  75  300
  75  300
  75  300
  87  300
  87  300
  93  300
 346  300
 569  300
   5  300
 706  300
 254  300
 710  300
 255  300
 723  300
 295  300
 363  300
 305  300
 305  300
 305  300
 305  300
 305  300
 441  300
 729  300
 612  300
 303  300
 203  300
 304  300
 730  300
 306  300
 306  300
 306  300
 306  300
 306  300
 306  300
 306  300
 306  300
 306  300
 306  300
 306  300
 306  300
 306  300
 306  300
 306  300
 306  300
 306  300
 306  300
 306  300
 306  300
 306  300
 306  300
 306  300
 306  300
 306  300
 306  300
 306  300
 306  300
 306  300
 306  300
 306  300
 306  300
 306  300
 731  300
 731  300
 732  300
 146  300
 335  300
 335  300
 290  300
 565  300
 733  300
 734  300
 152  300
 735  300
 328  300
 736  300
 445  300
 331  300
 737  300
 738  300
  48  300
 347  300
 739  300
 740  300
 132  300
 741  300
 742  300
 349  300
 149  300
 743  300
 131  300
 744  300
  33  300
 613   64
  21   64
  41   64
  41   64
  41   64
  41   64
  41   64
  55   64
   0   64
   0   64
   6   64
   6   64
   6   64
  31   64
  31   64
  31   64
  31   64
 617   64
 617   64
 617   64
  46   64
  46   64
  30   64
  44   64
  45   64
  45   64
  27   64
  27   64
   8   64
   8   64
   8   64
   8   64
   8   64
   8   64
   8   64
   8   64
 139   64
 139   64
 139   64
 139   64
 139   64
  29   64
  29   64
 135   64
 135   64
 342   64
 116   64
  14   64
  14   64
 103   64
  53   64
  53   64
 646   64
 646   64
 646   64
 646   64
 646   64
 646   64
 646   64
 646   64
 646   64
 646   64
 646   64
 646   64
 646   64
 646   64
 646   64
 646   64
 646   64
 128   64
  62   64
  62   64
  25   64
 444   64
 218   64
 697   64
 359   64
  19   64
 363   64
 363   64
 363   64
 363   64
 363   64
 363   64
 363   64
 441   64
 612   64
 300   64
 300   64
 146   64
 445   64
 349   64
 349   64
 149   64
  96   64
 182   64
 182   64
 455   64
 455   64
 805   64
 291   64
 497   64
 820   64
 242   64
 242   64
 242   64
 242   64
 242   64
 242   64
 242   64
 242   64
 242   64
 242   64
 242   64
 242   64
 242   64
 242   64
 242   64
 242   64
 242   64
 242   64
 821   64
 423   64
 423   64
 822   64
 428   64
 823   64
 824   64
 825   64
 313   64
 826   64
 320   64
 147   64
 827   64
 459   64
 420   64
 473   64
 506   64
 506   64
 506   64
 828   64
 829   64
 829   64
 830   64
 831   64
 832   64
 833   64
 514   64
 834   64
 517   64
 187  455
  21  455
  41  455
  41  455
  41  455
  41  455
  41  455
  41  455
  41  455
  41  455
 491  455
 491  455
  55  455
  55  455
   0  455
   0  455
   0  455
   6  455
  31  455
  31  455
 617  455
  46  455
  46  455
  46  455
  39  455
  39  455
  39  455
  44  455
  27  455
  27  455
 207  455
   8  455
   8  455
   8  455
   8  455
   8  455
   8  455
   8  455
   8  455
   8  455
 622  455
 622  455
  98  455
 626  455
 139  455
 139  455
 139  455
  29  455
  29  455
  64  455
  64  455
  64  455
  64  455
  64  455
  74  455
 634  455
  14  455
  14  455
  53  455
 162  455
  62  455
  62  455
  62  455
 168  455
 421  455
 218  455
 674  455
 226  455
 690  455
  80  455
  80  455
  80  455
 695  455
 142  455
 253  455
 359  455
 565  455
 743  455
 190  455
 219  455
 219  455
 219  455
 219  455
 219  455
 219  455
 219  455
 219  455
 219  455
 219  455
 219  455
 219  455
 219  455
 219  455
 219  455
 219  455
 219  455
 334  455
 370  455
 182  455
 182  455
 239  455
 337  455
 796  455
 150  455
 150  455
 150  455
 150  455
 150  455
 150  455
 150  455
 797  455
 798  455
 527  455
 799  455
 800  455
 801  455
 246  455
 802  455
 471  455
 471  455
 578  455
 803  455
 804  455
 805  455
 806  455
 291  455
 807  455
 808  455
 809  455
 809  455
 809  455
 809  455
 809  455
 809  455
 809  455
 463  455
 810  455
 198  455
 233  455
 233  455
 811  455
 812  455
 476  455
  11  455
 813  455
 814  455
 815  455
 508  455
 816  455
 817  455
 586  455
 818  455
 375  455
 819  455
 187   74
  21   74
  21   74
  21   74
  41   74
  41   74
  55   74
  55   74
  55   74
  55   74
   0   74
   0   74
   0   74
   0   74
   0   74
   6   74
  31   74
  46   74
  46   74
  46   74
  46   74
  46   74
  46   74
  39   74
  39   74
  39   74
  44   74
  44   74
  44   74
  45   74
  27   74
  27   74
  27   74
  27   74
  27   74
  27   74
  27   74
   8   74
   8   74
  98   74
  98   74
 139   74
 139   74
 139   74
 139   74
 139   74
 139   74
  15   74
  15   74
  15   74
  29   74
  29   74
  29   74
 116   74
 116   74
 116   74
 116   74
  69   74
 344   74
  14   74
  14   74
 162   74
  75   74
  75   74
  75   74
 651   74
 651   74
 651   74
  62   74
  87   74
  87   74
 161   74
  93   74
 431   74
 438   74
 259   74
  63   74
  63   74
 523   74
 263   74
 359   74
 300   74
 300   74
 300   74
 306   74
 306   74
  48   74
  96   74
  96   74
  96   74
 182   74
 443   74
 446   74
 455   74
 520   74
 355   74
 355   74
 355   74
 355   74
 355   74
 355   74
 853   74
 853   74
 853   74
 853   74
 853   74
 854   74
 855   74
 855   74
 855   74
 855   74
 856   74
 857   74
 546   74
 858   74
 859   74
 860   74
 137   74
 861   74
 458   74
 449   74
 862   74
 542   74
 542   74
 863   74
 143   74
 864   74
 865   74
 560   74
  52   41
  21   41
 491   41
   0   41
   6   41
   6   41
   6   41
   6   41
   6   41
   6   41
   6   41
   6   41
  65   41
  46   41
  46   41
  39   41
  39   41
  45   41
  45   41
  27   41
  27   41
  27   41
  27   41
 207   41
   8   41
   8   41
   8   41
   8   41
   8   41
   8   41
  18   41
  18   41
  98   41
  98   41
  71   41
  71   41
 196   41
 139   41
  15   41
  29   41
  29   41
  64   41
  64   41
  64   41
  64   41
  74   41
 628   41
  38   41
 638   41
  14   41
  14   41
  14   41
  14   41
  14   41
  53   41
 162   41
  75   41
  87   41
  61   41
  93   41
 569   41
 569   41
 569   41
 218   41
 218   41
 218   41
 218   41
 218   41
 218   41
 218   41
 218   41
 218   41
 218   41
 218   41
 218   41
 218   41
 218   41
 218   41
 218   41
 218   41
 218   41
 218   41
 218   41
 218   41
 218   41
 218   41
 218   41
 218   41
 218   41
 218   41
 218   41
 218   41
 218   41
 218   41
 218   41
 218   41
 218   41
 218   41
 669   41
 670   41
 671   41
 672   41
 257   41
 673   41
 674   41
 674   41
 674   41
 674   41
 194   41
 675   41
 676   41
 191   41
 200   41
 677   41
 678   41
 679   41
 680   41
 681   41
 682   41
 683   41
 186   41
 186   41
 199   41
 199   41
 684   41
 684   41
 685   41
  94   41
 686   41
 211   41
 211   41
 687   41
   7   41
 201   41
 206   41
 688   41
 204   41
  54   41
 163   41
 225   41
 209   41
 136   41
  70   41
  70   41
 689   41
 227   41
 224   41
 226   41
 226   41
 221   41
 690   41
 691   41
 692   41
 232   41
  80   41
 122   41
 693   41
 694   41
 695   41
 695   41
 695   41
 695   41
 696   41
   5   41
 241   41
 142   41
 142   41
 697   41
 697   41
 259   41
 332   41
 698   41
 240   41
 699   41
  63   41
 700   41
 172   41
 701   41
 702   41
 703   41
 704   41
 705   41
 300   41
 300   41
 455   41
 455   41
  21  139
  41  139
   6  139
   6  139
   6  139
   9  139
 102  139
 102  139
  31  139
 617  139
  46  139
  46  139
  39  139
  39  139
  39  139
  39  139
  39  139
  39  139
  39  139
  39  139
  45  139
  27  139
   1  139
   8  139
  18  139
  98  139
  15  139
  29  139
  29  139
  29  139
  64  139
  64  139
  64  139
  74  139
 135  139
 135  139
 630  139
  35  139
 179  139
 162  139
 162  139
 162  139
 162  139
 162  139
 162  139
 162  139
 162  139
 162  139
 162  139
 162  139
 162  139
 162  139
 162  139
 162  139
 162  139
 162  139
 162  139
 162  139
 162  139
 162  139
 162  139
 162  139
 162  139
  62  139
  62  139
 156  139
 156  139
  61  139
 161  139
  93  139
  93  139
 663  139
 346  139
 346  139
 346  139
 511  139
 178  139
 178  139
 431  139
  25  139
  25  139
 664  139
 664  139
 513  139
 513  139
 444  139
 168  139
 438  139
 153  139
 425  139
 140  139
 234  139
 665  139
 181  139
 174  139
 175  139
 421  139
 666  139
 667  139
 667  139
 216  139
 668  139
 300  139
 300  139
 300  139
 455  139
  21   39
  21   39
  21   39
  21   39
  41   39
  41   39
  41   39
  55   39
   0   39
   0   39
   6   39
   6   39
  46   39
  44   39
  44   39
  44   39
  45   39
  45   39
  27   39
  27   39
   8   39
   8   39
  18   39
  18   39
  18   39
  18   39
  98   39
  71   39
 624   39
 139   39
 139   39
 139   39
 139   39
 139   39
 139   39
 139   39
 139   39
 139   39
 139   39
  15   39
  15   39
  15   39
  15   39
  15   39
  15   39
  29   39
  64   39
  74   39
  74   39
 116   39
  14   39
 103   39
 103   39
 103   39
 103   39
 103   39
  53   39
  53   39
 162   39
  75   39
  75   39
  75   39
  62   39
  62   39
  62   39
  62   39
  87   39
  87   39
  87   39
  87   39
 140   39
 421   39
 523   39
 706   39
 253   39
 253   39
 253   39
 253   39
 253   39
 253   39
 253   39
 253   39
 253   39
 253   39
 253   39
 253   39
 253   39
 253   39
 253   39
 253   39
 253   39
 253   39
 253   39
 253   39
 253   39
 158   39
 707   39
 254   39
 256   39
 260   39
  58   39
 708   39
 709   39
 710   39
 361   39
 263   39
 711   39
  92   39
 359   39
 712   39
 300   39
 455   39
 455   39
  21   46
  21   46
  21   46
  41   46
   0   46
   0   46
   0   46
   6   46
   6   46
   9   46
  31   46
  65   46
  39   46
  39   46
  39   46
  39   46
  45   46
  45   46
  45   46
  27   46
  27   46
   8   46
   8   46
  18   46
  18   46
  98   46
  98   46
 139   46
 139   46
  15   46
  29   46
  64   46
  74   46
  74   46
  74   46
  74   46
  38   46
 327   46
  35   46
  35   46
 179   46
 116   46
  69   46
  14   46
 103   46
 103   46
 103   46
  53   46
  75   46
  62   46
  87   46
  87   46
  87   46
  25   46
  25   46
  25   46
 168   46
 674   46
 674   46
  70   46
  80   46
  80   46
  80   46
 713   46
 713   46
 714   46
 255   46
 288   46
 288   46
 288   46
 288   46
 288   46
 288   46
 288   46
 288   46
 288   46
 288   46
 288   46
 288   46
 288   46
 288   46
 288   46
 288   46
 288   46
 288   46
 288   46
 288   46
 288   46
 288   46
 288   46
 288   46
 288   46
 288   46
 288   46
 288   46
 288   46
 715   46
  19   46
 159   46
 159   46
 165   46
 716   46
 717   46
 718   46
 535   46
 719   46
 720   46
 721   46
 169   46
 722   46
 723   46
 551   46
 724   46
  24   46
 725   46
 726   46
 180   46
 727   46
 295   46
  34   46
 118   46
 728   46
 298   46
 300   46
 455   46
 455   46
 455   46
  21    6
  41    6
  41    6
  41    6
  55    6
   0    6
   0    6
   0    6
   6    6
   6    6
   6    6
   6    6
   6    6
   6    6
   6    6
   6    6
  31    6
  31    6
  31    6
  31    6
  31    6
  46    6
  44    6
  45    6
  45    6
  45    6
  45    6
  45    6
  27    6
   8    6
   8    6
   8    6
   8    6
   8    6
   8    6
   8    6
   8    6
  18    6
  98    6
  98    6
 139    6
 139    6
 139    6
 139    6
 139    6
 139    6
 139    6
  15    6
  29    6
  64    6
  64    6
  64    6
  74    6
 116    6
 116    6
  53    6
  75    6
  75    6
  62    6
  62    6
  62    6
  62    6
  62    6
  62    6
  62    6
  62    6
  62    6
 218    6
 218    6
 218    6
 218    6
 674    6
  80    6
  80    6
 359    6
 180    6
 180    6
 180    6
 363    6
 363    6
 363    6
 300    6
 300    6
 289    6
 745    6
 190    6
 219    6
 746    6
 747    6
 748    6
 748    6
 364    6
 749    6
 294    6
 595    6
 365    6
 366    6
 362    6
 750    6
 751    6
 318    6
 752    6
 753    6
 754    6
 367    6
 376    6
 376    6
 376    6
 376    6
 376    6
 755    6
 755    6
 755    6
 755    6
 755    6
 755    6
 755    6
 334    6
 756    6
 756    6
 756    6
 756    6
 756    6
 757    6
 757    6
 386    6
 244    6
 370    6
 370    6
 370    6
 455    6
 455    6
 455    6
 455    6
 455    6
 455    6
  21   87
  21   87
  21   87
  41   87
  41   87
  41   87
  41   87
  41   87
   0   87
   0   87
   0   87
   6   87
  31   87
  65   87
  46   87
  46   87
  46   87
  46   87
  39   87
  39   87
  44   87
  27   87
   8   87
   8   87
   8   87
   8   87
   8   87
   8   87
   8   87
   8   87
   8   87
  18   87
  18   87
  98   87
  98   87
  98   87
  98   87
  15   87
  29   87
  29   87
  29   87
  29   87
  29   87
  14   87
  14   87
  14   87
  14   87
  14   87
  14   87
  14   87
  14   87
  14   87
  14   87
  14   87
  14   87
  14   87
  14   87
  14   87
  14   87
 103   87
  53   87
  53   87
  53   87
  53   87
 162   87
  75   87
 161   87
 421   87
 218   87
 672   87
 232   87
  63   87
 359   87
 300   87
 300   87
 300   87
 300   87
 300   87
 149   87
 219   87
 390   87
 390   87
 390   87
 390   87
 390   87
 390   87
 390   87
 390   87
 390   87
 390   87
 758   87
 574   87
 759   87
 393   87
 393   87
 393   87
 393   87
 393   87
 393   87
 760   87
 761   87
 396   87
 762   87
 372   87
 372   87
 763   87
 763   87
 763   87
 763   87
 763   87
 763   87
 763   87
 763   87
 763   87
 394   87
 764   87
 765   87
 397   87
 766   87
  96   87
  96   87
  96   87
  96   87
  96   87
  96   87
  96   87
  96   87
  96   87
  96   87
  96   87
  96   87
 182   87
 767   87
 768   87
 768   87
 768   87
 768   87
 769   87
 770   87
 407   87
 407   87
 398   87
 416   87
 416   87
 416   87
 416   87
 403   87
 403   87
 771   87
 400   87
 239   87
 239   87
 239   87
 239   87
 410   87
 410   87
 772   87
 419   87
 773   87
 422   87
 519   87
 774   87
 775   87
  21   27
  21   27
  21   27
  21   27
  21   27
  21   27
 501   27
  41   27
  41   27
  41   27
 491   27
   0   27
   0   27
   0   27
   0   27
   6   27
   9   27
 102   27
  65   27
  46   27
  39   27
  39   27
  39   27
  39   27
  39   27
  44   27
  45   27
  45   27
  45   27
  45   27
   1   27
   8   27
   8   27
   8   27
   8   27
  18   27
  18   27
  18   27
  18   27
 196   27
 139   27
  15   27
  15   27
  29   27
  29   27
  64   27
  64   27
  64   27
  74   27
  74   27
 179   27
  69   27
  13   27
  13   27
 103   27
  53   27
  53   27
  53   27
  75   27
 651   27
 128   27
 653   27
  62   27
  62   27
  83   27
 447   27
  87   27
  93   27
 674   27
  54   27
 693   27
  63   27
  63   27
  63   27
  63   27
  63   27
  63   27
  63   27
  63   27
  63   27
  63   27
  63   27
  63   27
  63   27
  63   27
  63   27
  63   27
  63   27
  63   27
  63   27
  63   27
  63   27
  63   27
  63   27
  63   27
 172   27
 723   27
 298   27
 300   27
 300   27
 306   27
 314   27
 776   27
 188   27
 777   27
 778   27
 779   27
 780   27
 780   27
 337   27
 781   27
 154   27
 782   27
 783   27
 784   27
 785   27
 785   27
 785   27
 785   27
 443   27
 786   27
 787   27
 788   27
 789   27
 790   27
 354   27
  12   27
 791   27
  86   27
 433   27
 792   27
 281   27
  49   27
 793   27
 794   27
 795   27
 446   27
 455   27
 455   27
 455   27
 455   27
  21   31
  21   31
  21   31
  21   31
  21   31
  21   31
  21   31
  41   31
  41   31
  41   31
  41   31
  41   31
  41   31
  55   31
  55   31
   0   31
   0   31
   0   31
   0   31
   0   31
   6   31
  65   31
  46   31
  46   31
  46   31
  46   31
  46   31
  46   31
  46   31
  46   31
  39   31
  44   31
  59   31
  27   31
  27   31
  27   31
   8   31
   8   31
   8   31
   8   31
   8   31
  18   31
  18   31
  98   31
  98   31
  98   31
  98   31
 139   31
 139   31
 139   31
 139   31
 139   31
  15   31
  15   31
  15   31
  15   31
  29   31
  29   31
  29   31
  29   31
  29   31
  64   31
  14   31
  14   31
 103   31
  53   31
  53   31
  53   31
  53   31
  53   31
  53   31
  75   31
  75   31
  62   31
  47   31
  87   31
 218   31
 218   31
 256   31
 260   31
  58   31
 359   31
 535   31
 300   31
 300   31
 300   31
 300   31
 300   31
 306   31
 306   31
 146   31
 445   31
 149   31
 365   31
  96   31
  96   31
 519   31
 519   31
 519   31
 519   31
 471   31
 471   31
 835   31
 836   31
 432   31
 837   31
 837   31
 837   31
 837   31
 837   31
 837   31
 837   31
 837   31
 837   31
 837   31
 837   31
 837   31
 837   31
 837   31
 837   31
 837   31
 838   31
 839   31
 379   31
 278   31
 840   31
 308   31
 841   31
 842   31
 843   31
 533   31
 533   31
 533   31
 533   31
 533   31
 533   31
 533   31
 533   31
 330   31
   2   31
 844   31
 845   31
 846   31
 847   31
 848   31
 849   31
 850   31
 577   31
 851   31
 852   31
 539   31
 537   31
  21   53
  21   53
  21   53
  21   53
  21   53
  41   53
  41   53
  41   53
  55   53
   0   53
   0   53
   6   53
  31   53
  65   53
  46   53
  46   53
  39   53
  39   53
  44   53
   8   53
   8   53
   8   53
   8   53
   8   53
   8   53
   8   53
  18   53
  18   53
  18   53
 622   53
  98   53
  98   53
  98   53
  98   53
  98   53
  98   53
 624   53
 196   53
 626   53
 139   53
 139   53
 139   53
  29   53
  29   53
  29   53
  29   53
  29   53
  29   53
  29   53
  64   53
  38   53
  14   53
  14   53
  14   53
  14   53
  14   53
  14   53
  14   53
  14   53
  14   53
  14   53
  14   53
  14   53
 103   53
 162   53
 162   53
  32   53
 650   53
  75   53
  75   53
  75   53
 128   53
 128   53
  87   53
  87   53
  87   53
  87   53
 438   53
 234   53
 569   53
 569   53
 569   53
 569   53
 686   53
 698   53
 700   53
 363   53
 612   53
 612   53
 300   53
 300   53
 300   53
 300   53
 300   53
 300   53
 300   53
 306   53
 131   53
 131   53
 131   53
 595   53
 365   53
 334   53
 334   53
 390   53
 390   53
 390   53
 390   53
 390   53
 390   53
 390   53
 390   53
 390   53
 390   53
 390   53
 390   53
 390   53
 390   53
 393   53
 393   53
 763   53
 763   53
 763   53
  96   53
  96   53
 182   53
 182   53
 400   53
 788   53
 788   53
 790   53
 527   53
 471   53
 471   53
 471   53
 471   53
 471   53
 471   53
 828   53
 432   53
 308   53
 577   53
 577   53
 577   53
 577   53
 577   53
 577   53
 458   53
 866   53
 867   53
 868   53
 311   53
 575   53
 869   53
 870   53
 587   53
 133   53
 871   53
 111   53
 582   53
 591   53
 872   53
 873   53
 590   53
 590   53
 874   53
 875   53
 876   53
 465   53
 877   53
 878   53
 879   53
 880   53
 881   53
 881   53
 881   53
 882   53
 882   53
 592   53
 592   53
 600   53
 883   53
 417   53
 601   53
 884   53
 885   53
 886   53
 356   53
 887   53
 888   53
 100   53
 889   53
 890   53
 891   53
 292   53
 892   53
 893   53
 894   53
 895   53
 896   53
 897   53
 898   53
 899   53
  41   52
   0   52
  98   52
  41  183
  41  183
  41  184
  41   29
  41   29
  41   29
   0   29
   0   29
   0   29
   0   29
   6   29
   6   29
  31   29
  31   29
  31   29
  31   29
  31   29
  46   29
  46   29
  39   29
  39   29
  27   29
  27   29
  27   29
  27   29
 139   29
 139   29
 139   29
 139   29
  64   29
  64   29
  74   29
  74   29
  74   29
  53   29
  53   29
  53   29
  87   29
  87   29
 455   29
 455   29
 455   29
  41  185
  41  186
  41    8
  41    8
  41    8
  41    8
  41    8
  41    8
  41    8
  41    8
  41    8
  41    8
  41    8
  41    8
  41    8
  41    8
  41    8
  41    8
  41    8
  41    8
  41    8
  41    8
   0    8
   0    8
   0    8
   0    8
   0    8
   0    8
   0    8
   0    8
   0    8
   0    8
   6    8
   6    8
   6    8
   6    8
   6    8
   6    8
   6    8
   6    8
   6    8
   6    8
   6    8
   6    8
  31    8
  31    8
  31    8
  31    8
  31    8
  31    8
  31    8
  31    8
  31    8
  31    8
  31    8
  31    8
  46    8
  46    8
  46    8
  46    8
  46    8
  46    8
  46    8
  46    8
  46    8
  46    8
  46    8
  39    8
  39    8
  39    8
  39    8
  39    8
  39    8
  39    8
  39    8
  27    8
  27    8
  27    8
  27    8
  27    8
  27    8
  27    8
  27    8
  27    8
  98    8
  98    8
  98    8
  98    8
  98    8
  98    8
  98    8
 139    8
 139    8
  64    8
  64    8
  64    8
  64    8
  64    8
  64    8
  64    8
  64    8
  64    8
  64    8
  64    8
  64    8
  64    8
  74    8
  74    8
  74    8
  74    8
  74    8
  74    8
  74    8
  74    8
  74    8
  53    8
  53    8
  53    8
  53    8
  53    8
  53    8
  53    8
  53    8
  53    8
  53    8
  53    8
  53    8
  53    8
  53    8
  53    8
  87    8
  87    8
  87    8
  87    8
  87    8
  87    8
  87    8
  87    8
  87    8
  87    8
  87    8
  87    8
  87    8
  87    8
  87    8
  87    8
 300    8
 300    8
 300    8
 300    8
 300    8
 300    8
 300    8
 300    8
 300    8
 300    8
 300    8
 300    8
 300    8
 300    8
 300    8
 455    8
 455    8
 455    8
 455    8
 455    8
 455    8
 455    8
 455    8
 455    8
 455    8
 455    8
 455    8
 455    8
 455    8
 455    8
  41  187
  53  187
 455  187
  41  188
  41  189
  41  189
 300  189
  41  103
   6  103
  46  103
  46  103
  46  103
  46  103
  46  103
  46  103
  46  103
  46  103
  46  103
  46  103
  46  103
  39  103
  39  103
  98  103
  98  103
  98  103
 139  103
 139  103
 139  103
  64  103
  74  103
  87  103
 300  103
 300  103
 455  103
  41   14
  41   14
  41   14
  41   14
  41   14
  41   14
  41   14
  41   14
  41   14
   0   14
   0   14
  31   14
  31   14
  31   14
  31   14
  31   14
  46   14
  46   14
  27   14
  27   14
  27   14
  27   14
  27   14
  27   14
  98   14
  98   14
 139   14
  64   14
  64   14
  64   14
  74   14
  74   14
  53   14
  53   14
  53   14
  53   14
  53   14
  53   14
  53   14
  53   14
  53   14
  53   14
  53   14
  53   14
  53   14
  53   14
  53   14
  53   14
  53   14
  53   14
  53   14
  53   14
  53   14
  53   14
  53   14
  53   14
  53   14
  87   14
  87   14
  87   14
  87   14
  87   14
  87   14
  87   14
  87   14
  87   14
  87   14
  87   14
  87   14
 455   14
 455   14
  41  190
   6  190
  31  190
  64  190
  64  190
 300  190
 455  190
 455  190
 455  190
  41  191
  41  191
 300  191
 300  191
  41  192
  41  193
  41  194
  41  195
  41   44
   0   44
  31   44
  31   44
  39   44
  39   44
  27   44
  98   44
  98   44
  98   44
  98   44
  98   44
 139   44
  74   44
  74   44
  74   44
  74   44
  53   44
  53   44
 300   44
 300   44
 300   44
 300   44
 455   44
  41   33
  41   33
  41   33
  41   33
  41   33
   0   33
   0   33
   0   33
   0   33
   0   33
   0   33
   0   33
   0   33
   0   33
   6   33
   6   33
   6   33
  31   33
  31   33
  31   33
  31   33
  31   33
  31   33
  31   33
  31   33
  46   33
  46   33
  46   33
  46   33
  39   33
  39   33
  39   33
  39   33
  39   33
  39   33
  39   33
  39   33
  27   33
  27   33
  27   33
  27   33
  27   33
  27   33
  27   33
  27   33
  27   33
  98   33
  98   33
  98   33
  98   33
  98   33
  98   33
  98   33
 139   33
 139   33
 139   33
 139   33
 139   33
  64   33
  64   33
  64   33
  64   33
  74   33
  74   33
  74   33
  74   33
  74   33
  74   33
  53   33
  53   33
  53   33
  53   33
  53   33
  87   33
  87   33
  87   33
  87   33
  87   33
  87   33
  87   33
  87   33
 300   33
 300   33
 300   33
 300   33
 300   33
 300   33
 300   33
 300   33
 455   33
 455   33
 455   33
 455   33
 455   33
 455   33
  41  159
 139  159
 455  159
  41  196
  46  196
  27  196
  41  197
  41  198
  41  199
  41  199
  41  200
  41  201
  41   71
   0   71
  98   71
  41  156
 139  156
  41  202
  41  203
  41   15
   0   15
   0   15
   0   15
   0   15
   0   15
   0   15
   0   15
   0   15
   0   15
   6   15
   6   15
  31   15
  31   15
  31   15
  31   15
  31   15
  31   15
  46   15
  46   15
  46   15
  46   15
  46   15
  46   15
  46   15
  39   15
  39   15
  39   15
  39   15
  39   15
  39   15
  27   15
  27   15
  27   15
  98   15
  98   15
  98   15
  98   15
  98   15
 139   15
 139   15
 139   15
 139   15
 139   15
  64   15
  64   15
  64   15
  64   15
  74   15
  74   15
  74   15
  74   15
  74   15
  74   15
  53   15
  87   15
  87   15
 300   15
 300   15
 300   15
 300   15
 300   15
 300   15
 455   15
 455   15
 455   15
  41  204
  41  205
  41  206
  41  206
  41   10
   0   10
 300   10
  41  207
  41   93
   0   93
 139   93
 300   93
 300   93
  41   21
   0   21
   0   21
   0   21
   0   21
   6   21
  31   21
  31   21
  31   21
  31   21
  31   21
  46   21
  46   21
  46   21
  27   21
  27   21
  27   21
  27   21
  27   21
  27   21
  98   21
  98   21
  98   21
  98   21
  98   21
  98   21
  98   21
 139   21
 139   21
 139   21
 139   21
  64   21
  74   21
  74   21
  53   21
  53   21
  53   21
  53   21
  53   21
  53   21
  53   21
 300   21
 300   21
 300   21
 300   21
 300   21
 455   21
 455   21
 455   21
 455   21
  41  208
  41  208
  41  209
  41  209
  41  151
 139  151
  41  210
  41  211
  41  211
  41  211
  41  212
  41  213
  41  214
  41  215
  41  216
  41  217
  41  218
  41  218
  41  218
  41  218
  41  218
  41  218
  41  218
  41  218
  41  218
  41  218
  41  218
  41  218
  41  218
  41  218
   6  218
   6  218
   6  218
  41    5
   0    5
  98    5
 300    5
  41  219
   6  219
 455  219
 455  219
  41  182
   6  182
   6  182
   6  182
 139  182
  64  182
  64  182
  64  182
  64  182
  64  182
  64  182
  64  182
  64  182
  64  182
  64  182
  64  182
  64  182
  64  182
  64  182
  64  182
  64  182
  64  182
  64  182
  87  182
 455  182
 455  182
 455  182
 455  182
 455  182
 455  182
 455  182
 455  182
  41  220
  41  221
  41   45
  41   45
  41   45
  41   45
  41   45
  41   45
  41   45
  41   45
   0   45
   0   45
   0   45
  31   45
  31   45
  46   45
  46   45
  46   45
  39   45
  39   45
  39   45
  27   45
  27   45
  98   45
 139   45
 139   45
 139   45
  64   45
  64   45
  64   45
  64   45
  64   45
  74   45
  53   45
 300   45
 300   45
  41  222
  41   62
  41   62
  41   62
   0   62
   0   62
   6   62
   6   62
   6   62
  31   62
  46   62
  46   62
  39   62
  39   62
  39   62
  39   62
  39   62
  39   62
  39   62
  27   62
  98   62
  98   62
 139   62
 139   62
 139   62
  64   62
  74   62
 300   62
 455   62
  41  223
  27  223
  41  141
  98  141
  53  141
  41  224
  41   80
  41   80
   0   80
   6   80
   6   80
  31   80
  31   80
  31   80
  31   80
  31   80
  46   80
  46   80
  98   80
  98   80
 139   80
  74   80
  74   80
  53   80
  53   80
  53   80
  87   80
 455   80
 455   80
 455   80
 455   80
 455   80
 455   80
 455   80
 455   80
 455   80
  41  225
  41  226
  41  226
  41  227
  41    2
   0    2
  41  228
  41  229
  41  161
  31  161
  31  161
  31  161
  39  161
  39  161
  39  161
 139  161
  74  161
  87  161
  87  161
  41   22
   0   22
  41  230
  41  121
  98  121
  74  121
  41  231
  41  232
  41  232
  41  233
  41  136
  98  136
  41  234
  41  142
  41  142
  98  142
  41  235
  41  235
  41  236
 300  236
  41  237
  41   90
   0   90
  64   90
  41  238
  41  239
   6  239
   6  239
  64  239
  74  239
  53  239
  53  239
  87  239
  87  239
  87  239
  87  239
  87  239
  87  239
  87  239
 455  239
  41  149
   6  149
  31  149
  31  149
  31  149
  46  149
  39  149
  27  149
  98  149
  64  149
  74  149
  74  149
  53  149
  53  149
  87  149
  41   75
   0   75
  31   75
  31   75
  31   75
  31   75
  31   75
  46   75
  46   75
  46   75
  46   75
  46   75
  46   75
  46   75
  46   75
  27   75
  98   75
  98   75
  98   75
  98   75
 139   75
 139   75
 139   75
 139   75
 139   75
  64   75
  74   75
  74   75
  53   75
  53   75
  53   75
  53   75
 300   75
 300   75
 300   75
 300   75
 300   75
 455   75
  41  240
  41  241
  41  242
  64  242
  64  242
  64  242
  64  242
  64  242
  41   35
   0   35
  98   35
  98   35
 139   35
  41  243
  41  244
  41  245
  64  245
  41  246
  41  246
 455  246
  41  247
   0    1
   0    1
   0    3
   0    4
 139    4
   0    7
  98    7
 139    7
   0    9
  27    9
  98    9
 300    9
   0   11
   0   12
   0   13
   0   13
   0   13
  46   13
   0   16
   0   17
   0   18
   0   18
   0   18
   6   18
   6   18
  31   18
  46   18
  46   18
  46   18
  39   18
  27   18
  27   18
  27   18
  98   18
  98   18
  98   18
  98   18
 139   18
 139   18
 139   18
  64   18
  74   18
  53   18
  53   18
  53   18
  87   18
 300   18
 300   18
 300   18
 300   18
 300   18
 300   18
 300   18
 300   18
 300   18
   0   19
 139   19
   0   20
   0   20
   0   23
 139   23
   0   24
  46   24
   0   25
   0   25
   0   25
  98   25
 139   25
   0   26
   0   28
   0   28
   0   30
  31   30
  31   30
  39   30
  39   30
  74   30
  74   30
   0   32
  53   32
 300   32
 300   32
   0   34
   0   36
   0   37
   0   38
   0   40
 300   40
   0   42
  98   42
 300   42
   0   43
   0   47
   0   48
   0   49
   0   50
   0   51
   0   54
   0   55
  98   55
  74   55
   0   56
   0   57
   0   57
  98   57
   0   58
   0   58
 139   58
   0   59
   0   59
   0   60
   0   61
  27   61
  98   61
 300   61
   0   63
  27   63
  27   63
  27   63
  27   63
  27   63
  27   63
  27   63
  74   63
   0   65
 139   65
  53   65
   0   66
   0   67
   0   68
   0   69
   0   69
  74   69
   0   70
 139   70
   0   72
 300   72
   0   73
   0   73
   0   76
   0   77
   0   77
   0   77
  46   77
   0   78
   0   79
   0   81
   0   82
   6   82
   0   83
 455   83
   0   84
   0   85
   0   86
   0   88
   0   89
   0   91
   0   92
  39   92
  27   92
  98   92
   0   94
   0   95
   0   96
  74   96
  74   96
  53   96
  87   96
  87   96
 300   96
 455   96
 455   96
   0   97
   6  357
   6  358
   6  359
   6  359
   6  359
   6  359
   6  359
   6  359
   6  359
  31  359
  31  359
  64  359
  64  359
  64  359
  87  359
 455  359
 455  359
 455  359
 455  359
   6  360
   6  360
   6  360
   6  360
   6  360
   6  360
   6  360
   6  360
   6  360
   6  360
   6  360
   6  360
   6  360
   6  361
   6  361
   6  362
   6  363
  64  363
  64  363
  64  363
  64  363
  64  363
  64  363
  64  363
  64  363
  64  363
  64  363
  64  363
  64  363
  64  363
  64  363
  64  363
  64  363
  64  363
  64  363
  64  363
  64  363
  64  363
  64  363
  64  363
  64  363
  64  363
  64  363
  64  363
  53  363
   6  364
   6  364
   6  364
   6  364
   6  364
  87  364
   6  365
  31  365
  31  365
   6  366
   6  367
   6  368
   6  369
   6  370
   6  370
   6  371
   6  372
  87  372
  87  372
  87  372
  87  372
   6  373
   6  180
   6  180
   6  180
   6  180
  27  180
 139  180
  64  180
 455  180
   6  374
   6  375
   6  376
   6  376
   6  376
   6  376
   6  376
   6  376
   6  376
  74  376
 455  376
   6  377
   6  377
   6  378
   6  378
   6  378
   6  379
   6  380
  53  380
   6  381
   6  382
   6  383
   6  384
  53  384
   6  385
   6  386
   6  387
   6  388
  31  286
  31  286
  31  286
  46  286
  31  519
  31  519
  31  519
  31  519
  31  519
  31  519
  31  519
  31  519
  31  519
  31  519
  31  519
  31  519
  31  519
  31  519
  31  519
  31  519
  31  519
  31  520
  31  521
  31  522
  31  523
  31  342
 300  342
 455  342
  31  263
  39  263
  39  263
  53  263
  53  263
  31  524
  31  306
 300  306
 300  306
  31  525
  31  526
  31  275
  31  275
  31  275
  31  275
  46  275
  74  275
  74  275
  31  527
  53  527
  31  528
  31  256
  39  256
  39  256
  39  256
  74  256
  31  529
  31  530
  31  530
  31  531
  31  532
  31  533
  31  533
  31  533
  31  100
  27  100
  98  100
  31  534
  74  534
  31  535
  31  536
  31  537
  31  538
  31  539
  31  539
  46  270
  46  271
  46  272
  46  118
  98  118
  46  273
  46  274
  64  274
  46  276
  46  277
  46  129
  27  129
  98  129
  46  278
  46  278
  46  279
  46  280
  46  133
  46  133
  98  133
  46  281
  64  281
  46  282
  46  283
  46  284
  46  285
  27  285
 300  285
  46  287
  46  288
  46  288
  46  288
  46  288
  46  164
 139  164
  46  289
  46  290
  53  290
 300  290
  46  291
 455  291
  46  166
 139  166
  46  292
  46  172
  27  172
 139  172
 455  172
  46  293
  46  294
 455  294
  46  295
 300  295
  46  296
  46  297
  46  154
  46  154
 139  154
  46  298
  46  299
 300  299
  39  248
  39  249
  39  249
  39  249
  39  249
  39  250
  39  251
  39  251
  74  251
  39  252
  39  253
  39  253
  39  254
  39  255
  39  257
  53  257
  39  258
  39  259
  39  260
  39  106
  98  106
  39  261
  39  262
  39  264
  39  265
  39  266
  39  267
  39  268
  39  138
  98  138
  39  269
  27  332
 300  332
  27  426
  27  427
  27  428
  27  429
  27  430
  27  431
  27  432
  27  433
  27  433
  27  158
 139  158
  27  434
  27  435
  74  435
  27  436
  27  437
  27  356
  27  356
  74  356
  74  356
  87  356
 300  356
  27  438
  27  439
  27  440
  27  441
  27  442
  27  443
  27  327
  53  327
 300  327
  27  444
  27  128
  98  128
  98  128
  27  445
  27  446
  74  446
  27  447
  27  448
  27  449
  74  449
  53  449
  27  450
  27  451
  53  451
  27  452
  27  410
  87  410
  87  410
  87  410
  27  453
  27  308
 300  308
 300  308
  27  454
  98   99
  98  101
  98  102
  98  104
  98  105
  98  107
  98  108
  98  109
  98  109
  98  109
  98  110
  98  111
  98  112
 300  112
  98  113
  98  114
  98  115
  98  116
  98  116
  98  116
  98  116
  98  116
  98  116
  64  116
  64  116
  98  117
  98  119
 300  119
  98  120
  98  122
  98  123
  98  124
  98  125
  98  126
  98  127
  98  130
  98  131
  98  132
  98  134
  98  135
  98  137
  53  137
  98  140
 139  140
  98  143
  98  144
  98  145
  98  146
  98  147
  98  148
 139  150
 455  150
 139  152
 139  153
 139  155
 139  157
 139  160
 139  162
 139  162
 139  162
 139  162
 139  162
 139  162
 139  162
  53  162
 139  163
 139  165
 139  167
 139  168
 139  169
 139  169
 139  170
  64  170
 139  171
 139  173
 139  174
 139  175
 139  176
 139  177
 139  178
 300  178
 139  179
 139  181
  64  493
  64  494
  64  495
  64  496
  64  497
  64  498
  64  499
  64  499
  64  499
  64  500
  64  420
  87  420
 455  420
 455  420
  64  473
 455  473
  64  501
  64  502
  64  503
  64  504
  64  505
  64  506
  64  506
  64  506
  64  506
  64  507
  64  508
  64  509
  64  510
  64  511
  64  512
  64  513
  64  514
  64  515
  64  516
  64  517
  64  517
  64  518
  74  540
  74  355
  74  355
  74  355
  74  355
  74  355
  74  355
  74  355
  74  355
  74  355
 300  355
  74  541
  74  542
  74  542
  74  542
  74  542
  74  542
  74  543
  74  544
  74  545
  74  546
  74  547
  74  548
  74  549
  74  550
  74  551
  74  552
  74  553
  74  554
  74  555
  74  556
  74  557
  74  558
  74  559
  74  399
  87  399
  74  560
  53  561
  53  562
  53  563
  53  564
  53  565
  53  566
  53  567
  53  568
  53  569
  53  569
  53  570
  53  571
  53  572
  53  573
  53  574
  53  575
  53  576
  53  311
 300  311
  53  577
  53  577
  53  577
  53  578
  53  579
  53  580
  53  581
  53  582
  53  583
  53  393
  53  393
  53  393
  53  393
  87  393
  87  393
  87  393
  87  393
  87  393
  87  393
  53  390
  53  390
  53  390
  87  390
  87  390
  87  390
  87  390
  53  471
  53  471
 455  471
  53  584
  53  585
  53  586
  53  325
 300  325
  53  587
  53  588
  53  589
  53  590
  53  591
  53  592
  53  592
  53  592
  53  593
  53  594
  53  595
  53  596
  53  394
  87  394
  87  394
  53  597
  53  598
  53  599
  53  599
  53  599
  53  600
  53  601
  53  602
  53  603
  53  604
  53  605
  53  606
  53  607
  53  607
  53  608
  53  609
  53  609
  53  610
  53  611
  53  612
  87  389
  87  389
  87  391
  87  391
  87  391
  87  392
  87  392
  87  392
  87  392
  87  392
  87  395
  87  395
  87  395
  87  395
  87  395
  87  395
  87  395
  87  396
  87  397
  87  397
  87  397
  87  397
  87  398
  87  400
  87  400
  87  400
  87  400
  87  400
  87  400
  87  401
  87  402
  87  403
  87  403
  87  403
  87  404
  87  405
  87  406
  87  406
  87  407
  87  407
  87  408
  87  408
  87  409
  87  411
  87  412
  87  413
  87  414
  87  415
  87  416
  87  417
  87  418
  87  419
  87  421
  87  421
  87  422
  87  423
  87  424
  87  425
 300  301
 300  302
 300  303
 300  304
 300  305
 300  307
 300  307
 300  309
 300  310
 300  312
 300  313
 300  314
 300  314
 300  315
 455  315
 300  316
 300  316
 300  317
 300  318
 300  319
 300  320
 300  321
 300  322
 300  323
 455  323
 300  324
 300  326
 300  328
 300  329
 300  330
 300  331
 300  333
 300  334
 300  335
 300  336
 300  337
 300  338
 300  339
 300  340
 300  341
 300  343
 300  344
 300  345
 455  345
 300  346
 300  347
 300  348
 300  349
 300  350
 300  351
 300  352
 300  353
 300  354
 455  456
 455  457
 455  458
 455  459
 455  460
 455  461
 455  462
 455  463
 455  464
 455  465
 455  466
 455  467
 455  468
 455  469
 455  470
 455  472
 455  474
 455  475
 455  475
 455  476
 455  477
 455  478
 455  479
 455  480
 455  481
 455  482
 455  483
 455  484
 455  485
 455  486
 455  487
 455  488
 455  489
 455  490
 455  491
 455  492